First half

Design Spec:
lam11=1.53000e-06
m=62
n=8
BW=2.50000e-09
Design param and outputs
neff=1.65320e+00
k=4.70816e-01 ==> cs=2.21667e-01
a=1.00000e+00
       lam ,          R ,        FSR,       FWHM
1.5300e-06 , 9.1323e-06 , 2.4677e-08, 1.9736e-09
1.5330e-06 , 9.0049e-06 , 2.5125e-08, 2.0094e-09
1.5360e-06 , 9.0225e-06 , 2.5174e-08, 2.0133e-09
1.5390e-06 , 9.0402e-06 , 2.5223e-08, 2.0173e-09
1.5420e-06 , 9.0578e-06 , 2.5272e-08, 2.0212e-09
1.5450e-06 , 9.0754e-06 , 2.5321e-08, 2.0251e-09
1.5480e-06 , 9.0930e-06 , 2.5370e-08, 2.0291e-09
1.5510e-06 , 9.1106e-06 , 2.5420e-08, 2.0330e-09
table of wavelength for each channel
1.5300e-06 , 1.5547e-06 , 1.5794e-06, 1.6040e-06
1.5330e-06 , 1.5581e-06 , 1.5832e-06, 1.6084e-06
1.5360e-06 , 1.5612e-06 , 1.5863e-06, 1.6115e-06
1.5390e-06 , 1.5642e-06 , 1.5894e-06, 1.6147e-06
1.5420e-06 , 1.5673e-06 , 1.5925e-06, 1.6178e-06
1.5450e-06 , 1.5703e-06 , 1.5956e-06, 1.6210e-06
1.5480e-06 , 1.5734e-06 , 1.5987e-06, 1.6241e-06
1.5510e-06 , 1.5764e-06 , 1.6018e-06, 1.6273e-06

=====
Second half

Design Spec:
lam11=1.55400e-06
m=62
n=8
BW=2.50000e-09
Design param and outputs
neff=1.65320e+00
k=4.70067e-01 ==> cs=2.20963e-01
a=1.00000e+00
       lam ,          R ,        FSR,       FWHM
1.5540e-06 , 9.2755e-06 , 2.5065e-08, 1.9973e-09
1.5570e-06 , 9.1459e-06 , 2.5518e-08, 2.0335e-09
1.5600e-06 , 9.1635e-06 , 2.5567e-08, 2.0374e-09
1.5630e-06 , 9.1811e-06 , 2.5616e-08, 2.0413e-09
1.5660e-06 , 9.1988e-06 , 2.5665e-08, 2.0452e-09
1.5690e-06 , 9.2164e-06 , 2.5715e-08, 2.0491e-09
1.5720e-06 , 9.2340e-06 , 2.5764e-08, 2.0531e-09
1.5750e-06 , 9.2516e-06 , 2.5813e-08, 2.0570e-09
table of wavelength for each channel
1.5540e-06 , 1.5791e-06 , 1.6041e-06, 1.6292e-06
1.5570e-06 , 1.5825e-06 , 1.6080e-06, 1.6336e-06
1.5600e-06 , 1.5856e-06 , 1.6111e-06, 1.6367e-06
1.5630e-06 , 1.5886e-06 , 1.6142e-06, 1.6398e-06
1.5660e-06 , 1.5917e-06 , 1.6173e-06, 1.6430e-06
1.5690e-06 , 1.5947e-06 , 1.6204e-06, 1.6461e-06
1.5720e-06 , 1.5978e-06 , 1.6235e-06, 1.6493e-06
1.5750e-06 , 1.6008e-06 , 1.6266e-06, 1.6524e-06